solar_reward,grid_battery_reward,solar_battery_reward,soc,soc_grid,soc_solar,curr_lmp,net_load,a,total_rwd
0.00,-1075.41,0.00,23.25,23.20,0.05,41.70,-24.95,2,-1.08e+03
0.00,-1040.48,0.00,46.50,46.41,0.09,40.37,-24.95,2,-2.12e+03
0.00,-1007.30,0.00,69.75,69.61,0.14,39.25,-24.95,2,-3.12e+03
0.00,-979.35,0.00,93.00,92.82,0.18,42.59,-24.95,2,-4.10e+03
0.00,-1062.69,0.00,116.25,116.02,0.23,42.58,-24.95,2,-5.17e+03
0.00,-1062.44,0.00,139.50,139.23,0.27,42.34,-24.95,2,-6.23e+03
0.00,-1056.45,0.00,162.75,162.43,0.32,41.36,-24.95,2,-7.28e+03
0.00,-1032.00,0.00,186.00,185.64,0.36,42.38,-24.95,2,-8.32e+03
0.00,-1057.44,0.00,209.25,208.84,0.41,42.40,-24.95,2,-9.37e+03
0.00,-1057.94,0.00,232.50,232.05,0.45,42.32,-24.95,2,-1.04e+04
0.00,-1055.95,0.00,255.75,255.25,0.50,41.32,-24.95,2,-1.15e+04
0.00,-1030.99,0.00,279.00,278.46,0.54,41.43,-24.95,2,-1.25e+04
0.00,-1033.74,0.00,302.25,301.66,0.59,41.66,-24.95,2,-1.36e+04
0.00,-1039.48,0.00,325.50,324.87,0.63,42.18,-24.95,2,-1.46e+04
0.00,-1052.45,0.00,348.75,348.07,0.68,42.74,-24.95,2,-1.56e+04
0.00,-1066.42,0.00,372.00,371.28,0.72,43.03,-24.95,2,-1.67e+04
0.00,-1075.43,0.00,394.86,394.13,0.73,44.30,-24.99,2,-1.78e+04
0.00,-245.48,0.00,399.61,398.88,0.74,47.42,-5.54,2,-1.80e+04
0.00,-37.80,0.00,399.94,399.20,0.74,53.69,-0.80,2,-1.81e+04
0.00,-24.99,0.00,399.97,399.22,0.75,50.70,-0.47,2,-1.81e+04
0.00,-17.61,0.00,399.97,399.12,0.84,53.35,-0.35,2,-1.81e+04
0.00,-18.44,0.00,399.97,399.12,0.85,50.86,-0.35,2,-1.81e+04
0.00,-17.58,0.00,399.97,399.12,0.85,45.30,-0.35,2,-1.81e+04
0.00,-15.65,0.00,399.97,399.12,0.85,42.46,-0.35,2,-1.82e+04
81.39,-0.00,0.00,399.97,398.80,1.17,43.00,1.92,2,-1.81e+04
82.42,-0.00,0.00,399.97,398.80,1.17,41.43,1.92,2,-1.80e+04
79.41,-0.00,0.00,399.97,398.80,1.17,41.03,1.92,2,-1.79e+04
78.65,-0.00,0.00,399.97,398.80,1.17,39.80,1.92,2,-1.78e+04
177.22,-0.00,0.00,399.97,398.80,1.17,80.20,4.45,2,-1.77e+04
393.04,0.00,0.00,399.55,398.80,0.75,48.26,9.80,1,-1.73e+04
194.81,-0.00,0.00,399.94,398.40,1.54,80.17,4.04,2,-1.71e+04
392.90,0.00,0.00,399.52,398.40,1.12,42.71,9.80,1,-1.67e+04
192.88,-0.00,0.00,399.94,398.37,1.57,43.47,4.52,2,-1.65e+04
214.31,-0.00,0.00,399.97,398.37,1.60,42.88,4.93,2,-1.63e+04
212.65,-0.00,0.00,399.97,398.37,1.60,37.55,4.96,2,-1.61e+04
186.29,-0.00,0.00,399.97,398.37,1.60,32.98,4.96,2,-1.59e+04
170.31,-0.00,0.00,399.97,398.37,1.60,34.51,5.16,2,-1.57e+04
178.21,-0.00,0.00,399.97,398.37,1.60,27.23,5.16,2,-1.55e+04
140.62,-0.00,0.00,399.97,398.37,1.60,30.49,5.16,2,-1.54e+04
157.45,-0.00,0.00,399.97,398.37,1.60,26.27,5.16,2,-1.52e+04
136.56,-0.00,0.00,399.97,398.37,1.60,38.44,5.20,2,-1.51e+04
199.82,-0.00,0.00,399.97,398.37,1.60,40.47,5.20,2,-1.49e+04
210.38,-0.00,0.00,399.97,398.37,1.60,46.45,5.20,2,-1.47e+04
241.46,-0.00,0.00,399.97,398.37,1.60,39.82,5.20,2,-1.44e+04
208.26,-0.00,0.00,399.97,398.37,1.60,43.65,5.23,2,-1.42e+04
228.29,-0.00,0.00,399.97,398.37,1.60,48.95,5.23,2,-1.40e+04
256.01,-0.00,0.00,399.97,398.37,1.60,50.01,5.23,2,-1.38e+04
261.55,-0.00,0.00,399.97,398.37,1.60,36.18,5.23,2,-1.35e+04
188.86,-0.00,0.00,399.97,398.37,1.60,39.49,5.22,2,-1.33e+04
206.14,-0.00,0.00,399.97,398.37,1.60,45.67,5.22,2,-1.31e+04
238.40,-0.00,0.00,399.97,398.37,1.60,48.88,5.22,2,-1.29e+04
255.16,-0.00,0.00,399.97,398.37,1.60,38.60,5.22,2,-1.26e+04
199.14,-0.00,0.00,399.97,398.37,1.60,44.95,5.16,2,-1.24e+04
231.90,-0.00,0.00,399.97,398.37,1.60,47.75,5.16,2,-1.22e+04
246.34,-0.00,0.00,399.97,398.37,1.60,45.88,5.16,2,-1.19e+04
236.70,-0.00,0.00,399.97,398.37,1.60,47.73,5.16,2,-1.17e+04
229.77,-0.00,0.00,399.97,398.37,1.60,55.24,4.81,2,-1.15e+04
265.93,-0.00,0.00,399.97,398.37,1.60,68.71,4.81,2,-1.12e+04
361.55,0.00,0.00,399.55,398.37,1.18,72.11,10.52,1,-1.08e+04
379.44,0.00,0.00,399.14,398.37,0.76,55.02,10.52,1,-1.04e+04
217.96,-0.00,0.00,399.91,397.98,1.93,54.04,3.96,2,-1.02e+04
255.90,-0.00,0.00,399.96,397.98,1.98,54.04,4.74,2,-9.98e+03
258.82,-0.00,0.00,399.97,397.98,1.98,54.04,4.79,2,-9.72e+03
259.03,-0.00,0.00,399.97,397.98,1.98,52.97,4.79,2,-9.46e+03
226.43,-0.00,0.00,399.97,397.98,1.98,47.11,4.27,2,-9.23e+03
201.38,-0.00,0.00,399.97,397.98,1.98,47.11,4.27,2,-9.03e+03
201.38,-0.00,0.00,399.97,397.98,1.98,68.26,4.27,2,-8.83e+03
322.37,0.00,0.00,399.55,397.98,1.57,57.49,9.45,1,-8.51e+03
101.26,-0.00,0.00,399.94,397.98,1.95,69.18,1.76,2,-8.40e+03
181.63,0.00,0.00,399.52,397.98,1.54,102.22,5.25,1,-8.22e+03
268.38,0.00,0.00,399.11,397.98,1.12,144.39,5.25,1,-7.95e+03
379.09,0.00,0.00,398.69,397.96,0.74,89.93,5.25,1,-7.58e+03
21.02,0.00,0.00,398.28,397.54,0.74,106.09,0.47,1,-7.55e+03
24.80,0.00,0.00,397.86,397.13,0.74,106.26,0.47,1,-7.53e+03
24.84,0.00,0.00,397.45,396.71,0.74,169.45,0.47,1,-7.50e+03
39.61,0.00,0.00,397.03,396.30,0.74,81.67,0.47,1,-7.47e+03
0.00,0.00,0.00,396.62,395.88,0.74,80.48,0.00,1,-7.47e+03
0.00,0.00,0.00,396.21,395.47,0.74,75.40,0.00,1,-7.47e+03
0.00,0.00,0.00,395.79,395.06,0.74,67.33,0.00,1,-7.47e+03
0.00,0.00,0.00,395.38,394.65,0.74,79.04,0.00,1,-7.47e+03
0.00,0.00,0.00,394.97,394.23,0.74,78.63,0.00,1,-7.47e+03
0.00,0.00,0.00,394.56,393.82,0.74,73.89,0.00,1,-7.47e+03
0.00,0.00,0.00,394.15,393.42,0.73,60.32,0.00,1,-7.47e+03
0.00,-377.86,0.00,399.56,398.83,0.73,59.19,-6.26,2,-7.84e+03
0.00,-50.59,0.00,399.94,399.21,0.73,58.69,-0.85,2,-7.89e+03
0.00,-27.96,0.00,399.97,399.24,0.73,54.95,-0.48,2,-7.92e+03
0.00,-24.73,0.00,399.97,399.24,0.73,50.66,-0.45,2,-7.95e+03
0.00,-22.70,0.00,399.97,399.24,0.73,58.63,-0.45,2,-7.97e+03
0.00,-26.27,0.00,399.97,399.24,0.73,50.15,-0.45,2,-8.00e+03
0.00,-22.47,0.00,399.97,399.24,0.73,47.20,-0.45,2,-8.02e+03
0.00,-21.15,0.00,399.97,399.24,0.73,43.30,-0.45,2,-8.04e+03
0.00,-19.40,0.00,399.97,399.24,0.73,54.60,-0.45,2,-8.06e+03
0.00,-24.46,0.00,399.97,399.24,0.73,50.61,-0.45,2,-8.08e+03
0.00,-22.67,0.00,399.97,399.24,0.73,46.26,-0.45,2,-8.11e+03
0.00,-20.72,0.00,399.97,399.24,0.73,43.30,-0.45,2,-8.13e+03
0.00,-19.40,0.00,399.97,399.24,0.73,48.03,-0.45,2,-8.15e+03
0.00,-21.52,0.00,399.97,399.24,0.73,45.36,-0.45,2,-8.17e+03
0.00,-20.32,0.00,399.97,399.24,0.73,43.41,-0.45,2,-8.19e+03
0.00,-19.45,0.00,399.97,399.24,0.73,42.01,-0.45,2,-8.21e+03
0.00,-18.82,0.00,399.97,399.24,0.73,43.58,-0.45,2,-8.23e+03
0.00,-19.52,0.00,399.97,399.24,0.73,44.02,-0.45,2,-8.25e+03
0.00,-19.72,0.00,399.97,399.24,0.73,42.96,-0.45,2,-8.27e+03
0.00,-19.25,0.00,399.97,399.24,0.73,42.85,-0.45,2,-8.28e+03
0.00,-19.20,0.00,399.97,399.24,0.73,44.47,-0.45,2,-8.30e+03
0.00,-19.92,0.00,399.97,399.24,0.73,45.82,-0.45,2,-8.32e+03
0.00,-20.53,0.00,399.97,399.24,0.73,45.09,-0.45,2,-8.34e+03
0.00,-20.20,0.00,399.97,399.24,0.73,43.61,-0.45,2,-8.36e+03
0.00,-19.54,0.00,399.97,399.24,0.73,44.42,-0.45,2,-8.38e+03
0.00,-19.90,0.00,399.97,399.24,0.73,46.17,-0.45,2,-8.40e+03
0.00,-20.68,0.00,399.97,399.24,0.73,46.94,-0.45,2,-8.42e+03
0.00,-21.03,0.00,399.97,399.24,0.73,49.41,-0.45,2,-8.45e+03
0.00,-22.14,0.00,399.97,399.24,0.73,43.95,-0.45,2,-8.47e+03
0.00,-19.69,0.00,399.97,399.24,0.73,46.40,-0.45,2,-8.49e+03
0.00,-20.79,0.00,399.97,399.24,0.73,53.13,-0.45,2,-8.51e+03
0.00,-23.80,0.00,399.97,399.24,0.73,61.20,-0.45,2,-8.53e+03
0.00,-27.42,0.00,399.97,399.24,0.73,55.31,-0.45,2,-8.56e+03
0.00,-19.28,0.00,399.97,399.15,0.82,57.69,-0.35,2,-8.58e+03
0.00,-20.11,0.00,399.97,399.15,0.82,60.82,-0.35,2,-8.60e+03
0.00,-21.20,0.00,399.97,399.15,0.82,47.80,-0.35,2,-8.62e+03
0.00,-16.66,0.00,399.97,399.15,0.82,53.53,-0.35,2,-8.64e+03
98.17,-0.00,0.00,399.97,398.82,1.15,47.19,1.83,2,-8.54e+03
86.54,-0.00,0.00,399.97,398.82,1.15,45.40,1.83,2,-8.45e+03
83.26,-0.00,0.00,399.97,398.82,1.15,43.16,1.83,2,-8.37e+03
79.15,-0.00,0.00,399.97,398.82,1.15,41.49,1.83,2,-8.29e+03
180.06,-0.00,0.00,399.97,398.82,1.15,40.23,4.34,2,-8.11e+03
174.60,-0.00,0.00,399.97,398.82,1.15,40.34,4.34,2,-7.93e+03
175.07,-0.00,0.00,399.97,398.82,1.15,40.22,4.34,2,-7.76e+03
174.55,-0.00,0.00,399.97,398.82,1.15,40.37,4.34,2,-7.59e+03
197.08,-0.00,0.00,399.97,398.82,1.15,41.07,4.88,2,-7.39e+03
200.50,-0.00,0.00,399.97,398.82,1.15,40.17,4.88,2,-7.19e+03
196.10,-0.00,0.00,399.97,398.82,1.15,40.46,4.88,2,-6.99e+03
197.52,-0.00,0.00,399.97,398.82,1.15,45.57,4.88,2,-6.79e+03
224.52,-0.00,0.00,399.97,398.82,1.15,41.43,4.93,2,-6.57e+03
204.12,-0.00,0.00,399.97,398.82,1.15,41.57,4.93,2,-6.37e+03
204.81,-0.00,0.00,399.97,398.82,1.15,41.99,4.93,2,-6.16e+03
206.88,-0.00,0.00,399.97,398.82,1.15,41.22,4.93,2,-5.95e+03
205.12,-0.00,0.00,399.97,398.82,1.15,41.62,4.98,2,-5.75e+03
207.11,-0.00,0.00,399.97,398.82,1.15,44.45,4.98,2,-5.54e+03
221.20,-0.00,0.00,399.97,398.82,1.15,45.80,4.98,2,-5.32e+03
227.92,-0.00,0.00,399.97,398.82,1.15,39.66,4.98,2,-5.09e+03
201.88,-0.00,0.00,399.97,398.82,1.15,39.71,5.09,2,-4.89e+03
202.13,-0.00,0.00,399.97,398.82,1.15,39.55,5.09,2,-4.69e+03
201.32,-0.00,0.00,399.97,398.82,1.15,41.03,5.09,2,-4.49e+03
208.85,-0.00,0.00,399.97,398.82,1.15,37.49,5.09,2,-4.28e+03
191.92,-0.00,0.00,399.97,398.82,1.15,40.47,5.12,2,-4.09e+03
207.17,-0.00,0.00,399.97,398.82,1.15,41.83,5.12,2,-3.88e+03
214.13,-0.00,0.00,399.97,398.82,1.15,41.21,5.12,2,-3.66e+03
210.96,-0.00,0.00,399.97,398.82,1.15,40.30,5.12,2,-3.45e+03
206.65,-0.00,0.00,399.97,398.82,1.15,41.81,5.13,2,-3.25e+03
214.39,-0.00,0.00,399.97,398.82,1.15,40.87,5.13,2,-3.03e+03
209.57,-0.00,0.00,399.97,398.82,1.15,40.61,5.13,2,-2.82e+03
208.24,-0.00,0.00,399.97,398.82,1.15,36.87,5.13,2,-2.61e+03
186.94,-0.00,0.00,399.97,398.82,1.15,39.11,5.07,2,-2.43e+03
198.30,-0.00,0.00,399.97,398.82,1.15,40.53,5.07,2,-2.23e+03
205.50,-0.00,0.00,399.97,398.82,1.15,41.09,5.07,2,-2.02e+03
208.34,-0.00,0.00,399.97,398.82,1.15,37.89,5.07,2,-1.82e+03
187.54,-0.00,0.00,399.97,398.82,1.15,41.44,4.95,2,-1.63e+03
205.11,-0.00,0.00,399.97,398.82,1.15,43.95,4.95,2,-1.42e+03
217.53,-0.00,0.00,399.97,398.82,1.15,48.47,4.95,2,-1.21e+03
239.90,-0.00,0.00,399.97,398.82,1.15,38.98,4.95,2,-9.66e+02
169.69,-0.00,0.00,399.97,398.82,1.15,40.02,4.35,2,-7.96e+02
174.22,-0.00,0.00,399.97,398.82,1.15,43.78,4.35,2,-6.22e+02
190.59,-0.00,0.00,399.97,398.82,1.15,47.00,4.35,2,-4.31e+02
204.60,-0.00,0.00,399.97,398.82,1.15,53.49,4.35,2,-2.27e+02
107.03,-0.00,0.00,399.97,398.82,1.15,41.66,2.00,2,-1.20e+02
83.36,-0.00,0.00,399.97,398.82,1.15,43.34,2.00,2,-3.62e+01
86.72,-0.00,0.00,399.97,398.82,1.15,56.26,2.00,2,5.05e+01
112.57,-0.00,0.00,399.97,398.82,1.15,58.71,2.00,2,1.63e+02
0.00,-13.16,0.00,399.97,399.03,0.94,67.81,-0.22,2,1.50e+02
15.17,0.00,0.00,399.55,398.82,0.73,60.96,0.45,1,1.65e+02
0.00,-39.04,0.00,399.94,399.00,0.94,56.77,-0.64,2,1.26e+02
0.00,-14.38,0.00,399.97,398.82,1.14,61.47,-0.25,2,1.12e+02
0.00,-27.66,0.00,399.97,399.00,0.96,62.29,-0.45,2,8.40e+01
0.00,0.00,0.00,399.55,398.59,0.96,55.69,0.00,1,8.40e+01
0.00,-48.13,0.00,399.94,399.21,0.73,41.60,-0.86,2,3.58e+01
0.00,-19.85,0.00,399.97,399.24,0.73,56.28,-0.48,2,1.60e+01
0.00,-25.33,0.00,399.97,399.24,0.73,51.06,-0.45,2,-9.34e+00
0.00,-22.88,0.00,399.97,399.24,0.73,46.01,-0.45,2,-3.22e+01
0.00,-20.61,0.00,399.97,399.24,0.73,41.78,-0.45,2,-5.28e+01
0.00,-18.72,0.00,399.97,399.24,0.73,53.09,-0.45,2,-7.16e+01
0.00,-23.78,0.00,399.97,399.24,0.73,47.35,-0.45,2,-9.53e+01
0.00,-21.21,0.00,399.97,399.24,0.73,40.89,-0.45,2,-1.17e+02
0.00,-18.32,0.00,399.97,399.24,0.73,40.50,-0.45,2,-1.35e+02
0.00,-18.14,0.00,399.97,399.24,0.73,44.62,-0.45,2,-1.53e+02
0.00,-19.99,0.00,399.97,399.24,0.73,41.37,-0.45,2,-1.73e+02
0.00,-18.53,0.00,399.97,399.24,0.73,40.81,-0.45,2,-1.92e+02
0.00,-18.28,0.00,399.97,399.24,0.73,40.01,-0.45,2,-2.10e+02
0.00,-17.92,0.00,399.97,399.24,0.73,49.29,-0.45,2,-2.28e+02
0.00,-22.08,0.00,399.97,399.24,0.73,46.54,-0.45,2,-2.50e+02
0.00,-20.85,0.00,399.97,399.24,0.73,41.91,-0.45,2,-2.71e+02
0.00,-18.78,0.00,399.97,399.24,0.73,40.49,-0.45,2,-2.89e+02
0.00,-18.14,0.00,399.97,399.24,0.73,43.71,-0.45,2,-3.08e+02
0.00,-19.58,0.00,399.97,399.24,0.73,41.68,-0.45,2,-3.27e+02
0.00,-18.67,0.00,399.97,399.24,0.73,41.01,-0.45,2,-3.46e+02
0.00,-18.37,0.00,399.97,399.24,0.73,36.52,-0.45,2,-3.64e+02
0.00,-16.36,0.00,399.97,399.24,0.73,37.17,-0.45,2,-3.81e+02
0.00,-16.65,0.00,399.97,399.24,0.73,42.20,-0.45,2,-3.97e+02
0.00,-18.91,0.00,399.97,399.24,0.73,40.34,-0.45,2,-4.16e+02
0.00,-18.07,0.00,399.97,399.24,0.73,40.33,-0.45,2,-4.34e+02
0.00,-18.07,0.00,399.97,399.24,0.73,41.42,-0.45,2,-4.52e+02
0.00,-18.56,0.00,399.97,399.24,0.73,40.81,-0.45,2,-4.71e+02
0.00,-18.28,0.00,399.97,399.24,0.73,41.15,-0.45,2,-4.89e+02
0.00,-18.43,0.00,399.97,399.24,0.73,40.54,-0.45,2,-5.08e+02
0.00,-18.16,0.00,399.97,399.24,0.73,42.05,-0.45,2,-5.26e+02
0.00,-18.84,0.00,399.97,399.24,0.73,42.34,-0.45,2,-5.45e+02
0.00,-18.97,0.00,399.97,399.24,0.73,42.41,-0.45,2,-5.64e+02
0.00,-19.00,0.00,399.97,399.24,0.73,42.55,-0.45,2,-5.83e+02
0.00,-19.06,0.00,399.97,399.24,0.73,46.83,-0.45,2,-6.02e+02
0.00,-20.98,0.00,399.97,399.24,0.73,47.54,-0.45,2,-6.23e+02
0.00,-21.30,0.00,399.97,399.24,0.73,49.93,-0.45,2,-6.44e+02
0.00,-22.37,0.00,399.97,399.24,0.73,56.35,-0.45,2,-6.66e+02
0.00,-25.24,0.00,399.97,399.24,0.73,47.80,-0.45,2,-6.91e+02
0.00,-17.46,0.00,399.97,399.16,0.81,48.58,-0.37,2,-7.09e+02
0.00,-17.75,0.00,399.97,399.16,0.81,48.44,-0.37,2,-7.27e+02
0.00,-17.70,0.00,399.97,399.16,0.81,48.50,-0.37,2,-7.44e+02
0.00,-17.72,0.00,399.97,399.16,0.81,46.22,-0.37,2,-7.62e+02
77.15,-0.00,0.00,399.97,398.82,1.15,40.91,1.67,2,-6.85e+02
68.28,-0.00,0.00,399.97,398.82,1.15,35.48,1.67,2,-6.17e+02
59.22,-0.00,0.00,399.97,398.82,1.15,24.94,1.67,2,-5.57e+02
41.63,-0.00,0.00,399.97,398.82,1.15,40.65,1.67,2,-5.16e+02
174.98,-0.00,0.00,399.97,398.82,1.15,36.75,4.30,2,-3.41e+02
158.20,-0.00,0.00,399.97,398.82,1.15,31.55,4.30,2,-1.83e+02
135.81,-0.00,0.00,399.97,398.82,1.15,39.24,4.30,2,-4.68e+01
168.91,-0.00,0.00,399.97,398.82,1.15,36.68,4.30,2,1.22e+02
181.74,-0.00,0.00,399.97,398.82,1.15,41.20,4.95,2,3.04e+02
204.14,-0.00,0.00,399.97,398.82,1.15,39.79,4.95,2,5.08e+02
197.15,-0.00,0.00,399.97,398.82,1.15,40.16,4.95,2,7.05e+02
198.98,-0.00,0.00,399.97,398.82,1.15,33.79,4.95,2,9.04e+02
172.54,-0.00,0.00,399.97,398.82,1.15,33.79,5.11,2,1.08e+03
172.54,-0.00,0.00,399.97,398.82,1.15,23.76,5.11,2,1.25e+03
121.33,-0.00,0.00,399.97,398.82,1.15,26.18,5.11,2,1.37e+03
133.68,-0.00,0.00,399.97,398.82,1.15,26.66,5.11,2,1.50e+03
139.36,-0.00,0.00,399.97,398.82,1.15,32.48,5.23,2,1.64e+03
169.79,-0.00,0.00,399.97,398.82,1.15,36.73,5.23,2,1.81e+03
192.00,-0.00,0.00,399.97,398.82,1.15,36.78,5.23,2,2.01e+03
192.26,-0.00,0.00,399.97,398.82,1.15,36.66,5.23,2,2.20e+03
193.84,-0.00,0.00,399.97,398.82,1.15,37.50,5.29,2,2.39e+03
198.29,-0.00,0.00,399.97,398.82,1.15,36.37,5.29,2,2.59e+03
192.31,-0.00,0.00,399.97,398.82,1.15,36.94,5.29,2,2.78e+03
195.33,-0.00,0.00,399.97,398.82,1.15,29.73,5.29,2,2.98e+03
156.82,-0.00,0.00,399.97,398.82,1.15,33.74,5.27,2,3.13e+03
177.97,-0.00,0.00,399.97,398.82,1.15,37.01,5.27,2,3.31e+03
195.22,-0.00,0.00,399.97,398.82,1.15,36.77,5.27,2,3.51e+03
193.95,-0.00,0.00,399.97,398.82,1.15,36.32,5.27,2,3.70e+03
190.98,-0.00,0.00,399.97,398.82,1.15,36.38,5.26,2,3.89e+03
191.30,-0.00,0.00,399.97,398.82,1.15,39.44,5.26,2,4.08e+03
207.39,-0.00,0.00,399.97,398.82,1.15,40.00,5.26,2,4.29e+03
210.33,-0.00,0.00,399.97,398.82,1.15,31.26,5.26,2,4.50e+03
165.09,-0.00,0.00,399.97,398.82,1.15,36.69,5.28,2,4.67e+03
193.76,-0.00,0.00,399.97,398.82,1.15,39.04,5.28,2,4.86e+03
206.17,-0.00,0.00,399.97,398.82,1.15,41.13,5.28,2,5.07e+03
217.21,-0.00,0.00,399.97,398.82,1.15,29.81,5.28,2,5.28e+03
155.11,-0.00,0.00,399.97,398.82,1.15,32.80,5.20,2,5.44e+03
170.66,-0.00,0.00,399.97,398.82,1.15,40.92,5.20,2,5.61e+03
212.91,-0.00,0.00,399.97,398.82,1.15,47.51,5.20,2,5.82e+03
247.20,-0.00,0.00,399.97,398.82,1.15,39.55,5.20,2,6.07e+03
178.84,-0.00,0.00,399.97,398.82,1.15,40.78,4.52,2,6.25e+03
184.40,-0.00,0.00,399.97,398.82,1.15,47.42,4.52,2,6.43e+03
214.42,-0.00,0.00,399.97,398.82,1.15,62.69,4.52,2,6.65e+03
311.56,0.00,0.00,399.55,398.82,0.73,39.66,9.94,1,6.96e+03
57.63,-0.00,0.00,399.94,398.41,1.53,44.06,1.45,2,7.02e+03
81.08,-0.00,0.00,399.97,398.41,1.56,55.20,1.84,2,7.10e+03
103.08,-0.00,0.00,399.97,398.41,1.56,59.72,1.87,2,7.20e+03
111.63,-0.00,0.00,399.97,398.41,1.56,52.45,1.87,2,7.31e+03
0.00,-16.45,0.00,399.97,398.70,1.27,52.10,-0.31,2,7.30e+03
0.00,-16.34,0.00,399.97,398.70,1.27,52.21,-0.31,2,7.28e+03
0.00,-16.37,0.00,399.97,398.70,1.27,54.83,-0.31,2,7.26e+03
0.00,-17.19,0.00,399.97,398.70,1.27,53.00,-0.31,2,7.25e+03
0.00,-23.74,0.00,399.97,398.82,1.14,53.46,-0.45,2,7.22e+03
0.00,-23.95,0.00,399.97,398.82,1.14,51.97,-0.45,2,7.20e+03
0.00,-23.28,0.00,399.97,398.82,1.14,45.88,-0.45,2,7.17e+03
0.00,-20.55,0.00,399.97,398.82,1.14,58.09,-0.45,2,7.15e+03
0.00,-26.02,0.00,399.97,398.82,1.14,52.00,-0.45,2,7.13e+03
0.00,-23.30,0.00,399.97,398.82,1.14,49.64,-0.45,2,7.10e+03
0.00,-22.24,0.00,399.97,398.82,1.14,40.66,-0.45,2,7.08e+03
0.00,-18.22,0.00,399.97,398.82,1.14,41.76,-0.45,2,7.06e+03
0.00,-18.71,0.00,399.97,398.82,1.14,41.20,-0.45,2,7.05e+03
0.00,-18.46,0.00,399.97,398.82,1.14,39.02,-0.45,2,7.03e+03
0.00,-17.48,0.00,399.97,398.82,1.14,30.39,-0.45,2,7.01e+03
0.00,-13.61,0.00,399.97,398.82,1.14,39.35,-0.45,2,7.00e+03
0.00,-17.63,0.00,399.97,398.82,1.14,40.05,-0.45,2,6.98e+03
0.00,-17.94,0.00,399.97,398.82,1.14,33.59,-0.45,2,6.96e+03
0.00,-15.05,0.00,399.97,398.82,1.14,38.06,-0.45,2,6.95e+03
0.00,-17.05,0.00,399.97,398.82,1.14,48.92,-0.45,2,6.93e+03
0.00,-21.92,0.00,399.97,398.82,1.14,42.24,-0.45,2,6.91e+03
0.00,-18.92,0.00,399.97,398.82,1.14,40.65,-0.45,2,6.89e+03
0.00,-18.21,0.00,399.97,398.82,1.14,36.17,-0.45,2,6.87e+03
0.00,-16.20,0.00,399.97,398.82,1.14,41.37,-0.45,2,6.85e+03
0.00,-18.53,0.00,399.97,398.82,1.14,45.39,-0.45,2,6.83e+03
0.00,-20.33,0.00,399.97,398.82,1.14,42.57,-0.45,2,6.81e+03
0.00,-19.07,0.00,399.97,398.82,1.14,37.45,-0.45,2,6.80e+03
0.00,-16.78,0.00,399.97,398.82,1.14,44.58,-0.45,2,6.78e+03
0.00,-19.97,0.00,399.97,398.82,1.14,42.33,-0.45,2,6.76e+03
0.00,-18.96,0.00,399.97,398.82,1.14,47.64,-0.45,2,6.74e+03
0.00,-21.34,0.00,399.97,398.82,1.14,45.44,-0.45,2,6.72e+03
0.00,-20.36,0.00,399.97,398.82,1.14,46.63,-0.45,2,6.70e+03
0.00,-20.89,0.00,399.97,398.82,1.14,45.55,-0.45,2,6.68e+03
0.00,-20.41,0.00,399.97,398.82,1.14,44.82,-0.45,2,6.66e+03
0.00,-20.08,0.00,399.97,398.82,1.14,44.39,-0.45,2,6.64e+03
0.00,-19.89,0.00,399.97,398.82,1.14,45.71,-0.45,2,6.62e+03
0.00,-20.48,0.00,399.97,398.82,1.14,45.07,-0.45,2,6.60e+03
0.00,-20.19,0.00,399.97,398.82,1.14,45.37,-0.45,2,6.58e+03
0.00,-20.33,0.00,399.97,398.82,1.14,45.47,-0.45,2,6.56e+03
0.00,-20.37,0.00,399.97,398.82,1.14,46.77,-0.45,2,6.54e+03
0.00,-20.95,0.00,399.97,398.82,1.14,46.55,-0.45,2,6.51e+03
0.00,-20.85,0.00,399.97,398.82,1.14,48.74,-0.45,2,6.49e+03
0.00,-21.84,0.00,399.97,398.82,1.14,48.24,-0.45,2,6.47e+03
0.00,-21.61,0.00,399.97,398.82,1.14,48.93,-0.45,2,6.45e+03
0.00,-17.65,0.00,399.97,398.74,1.23,48.71,-0.36,2,6.43e+03
0.00,-17.57,0.00,399.97,398.74,1.23,45.41,-0.36,2,6.41e+03
0.00,-16.38,0.00,399.97,398.74,1.23,42.65,-0.36,2,6.40e+03
0.00,-15.38,0.00,399.97,398.74,1.23,41.90,-0.36,2,6.38e+03
75.52,-0.00,0.00,399.97,398.41,1.56,33.74,1.80,2,6.46e+03
60.81,-0.00,0.00,399.97,398.41,1.56,22.19,1.80,2,6.52e+03
39.99,-0.00,0.00,399.97,398.41,1.56,20.54,1.80,2,6.56e+03
37.02,-0.00,0.00,399.97,398.41,1.56,26.83,1.80,2,6.60e+03
123.49,-0.00,0.00,399.97,398.41,1.56,28.86,4.60,2,6.72e+03
132.83,-0.00,0.00,399.97,398.41,1.56,32.86,4.60,2,6.85e+03
151.24,-0.00,0.00,399.97,398.41,1.56,34.57,4.60,2,7.00e+03
159.11,-0.00,0.00,399.97,398.41,1.56,41.24,4.60,2,7.16e+03
215.34,-0.00,0.00,399.97,398.41,1.56,80.18,5.22,2,7.38e+03
454.59,0.00,0.00,399.55,398.41,1.14,80.66,11.34,1,7.83e+03
457.31,0.00,0.00,399.14,398.41,0.73,80.29,11.34,1,8.29e+03
455.21,0.00,0.00,398.72,397.99,0.73,80.43,11.34,1,8.75e+03
456.14,0.00,0.00,398.30,397.58,0.73,82.47,11.34,1,9.20e+03
467.71,0.00,0.00,397.89,397.16,0.73,83.73,11.34,1,9.67e+03
474.85,0.00,0.00,397.48,396.75,0.73,85.75,11.34,1,1.01e+04
486.31,0.00,0.00,397.06,396.33,0.73,75.63,11.34,1,1.06e+04
436.82,0.00,0.00,396.65,395.92,0.73,73.70,11.55,1,1.11e+04
425.68,0.00,0.00,396.23,395.51,0.73,43.70,11.55,1,1.15e+04
69.81,-0.00,0.00,399.71,395.09,4.61,76.94,1.60,2,1.16e+04
444.39,0.00,0.00,399.29,395.09,4.20,41.27,11.55,1,1.20e+04
190.44,-0.00,0.00,399.92,395.09,4.83,41.47,4.61,2,1.22e+04
217.47,-0.00,0.00,399.97,395.09,4.87,74.70,5.24,2,1.24e+04
428.73,0.00,0.00,399.55,395.09,4.46,79.15,11.48,1,1.28e+04
454.27,0.00,0.00,399.13,395.09,4.04,68.56,11.48,1,1.33e+04
375.33,0.00,0.00,398.72,395.09,3.62,36.57,10.95,1,1.37e+04
138.08,-0.00,0.00,399.88,395.09,4.79,79.23,3.78,2,1.38e+04
433.74,0.00,0.00,399.46,395.09,4.37,84.78,10.95,1,1.42e+04
464.13,0.00,0.00,399.05,395.09,3.96,67.51,10.95,1,1.47e+04
377.04,0.00,0.00,398.63,395.09,3.54,68.38,11.17,1,1.51e+04
381.90,0.00,0.00,398.22,395.09,3.12,66.23,11.17,1,1.55e+04
369.89,0.00,0.00,397.80,395.09,2.71,75.68,11.17,1,1.58e+04
422.67,0.00,0.00,397.39,395.09,2.30,33.44,11.17,1,1.63e+04
93.47,-0.00,0.00,399.79,395.09,4.70,40.31,2.80,2,1.64e+04
209.31,-0.00,0.00,399.96,395.09,4.86,49.35,5.19,2,1.66e+04
264.53,-0.00,0.00,399.97,395.09,4.87,51.41,5.36,2,1.68e+04
276.17,-0.00,0.00,399.97,395.09,4.88,34.88,5.37,2,1.71e+04
183.42,-0.00,0.00,399.97,395.09,4.88,38.68,5.26,2,1.73e+04
203.40,-0.00,0.00,399.97,395.09,4.88,47.86,5.26,2,1.75e+04
251.67,-0.00,0.00,399.97,395.09,4.88,61.09,5.26,2,1.77e+04
321.24,-0.00,0.00,399.97,395.09,4.88,43.06,5.26,2,1.81e+04
197.38,-0.00,0.00,399.97,395.09,4.88,44.62,4.58,2,1.83e+04
204.53,-0.00,0.00,399.97,395.09,4.88,54.37,4.58,2,1.85e+04
249.22,-0.00,0.00,399.97,395.09,4.88,79.82,4.58,2,1.87e+04
401.63,0.00,0.00,399.55,395.09,4.46,45.15,10.06,1,1.91e+04
69.00,-0.00,0.00,399.94,395.09,4.85,48.99,1.53,2,1.92e+04
93.83,-0.00,0.00,399.97,395.09,4.87,76.12,1.92,2,1.93e+04
182.11,0.00,0.00,399.55,395.09,4.46,94.15,4.78,1,1.95e+04
225.25,0.00,0.00,399.13,395.09,4.04,49.14,4.78,1,1.97e+04
0.00,-56.89,0.00,399.91,396.17,3.74,76.46,-1.16,2,1.96e+04
9.51,0.00,0.00,399.49,395.75,3.74,54.32,0.25,1,1.96e+04
0.00,-43.35,0.00,399.94,396.08,3.86,68.50,-0.80,2,1.96e+04
8.52,0.00,0.00,399.52,395.66,3.86,58.55,0.25,1,1.96e+04
0.00,-52.54,0.00,399.94,396.17,3.77,58.39,-0.90,2,1.96e+04
0.00,-27.99,0.00,399.97,396.20,3.77,54.17,-0.48,2,1.95e+04
0.00,-24.39,0.00,399.97,396.20,3.77,49.38,-0.45,2,1.95e+04
0.00,-22.13,0.00,399.97,396.20,3.77,50.02,-0.45,2,1.95e+04
0.00,-22.41,0.00,399.97,396.20,3.77,48.53,-0.45,2,1.95e+04
0.00,-21.74,0.00,399.97,396.20,3.77,49.78,-0.45,2,1.94e+04
0.00,-22.30,0.00,399.97,396.20,3.77,40.79,-0.45,2,1.94e+04
0.00,-18.27,0.00,399.97,396.20,3.77,49.43,-0.45,2,1.94e+04
0.00,-22.14,0.00,399.97,396.20,3.77,43.90,-0.45,2,1.94e+04
0.00,-19.67,0.00,399.97,396.20,3.77,40.95,-0.45,2,1.94e+04
0.00,-18.35,0.00,399.97,396.20,3.77,36.99,-0.45,2,1.93e+04
0.00,-16.57,0.00,399.97,396.20,3.77,47.04,-0.45,2,1.93e+04
0.00,-21.07,0.00,399.97,396.20,3.77,48.49,-0.45,2,1.93e+04
0.00,-21.72,0.00,399.97,396.20,3.77,41.02,-0.45,2,1.93e+04
0.00,-18.38,0.00,399.97,396.20,3.77,34.09,-0.45,2,1.93e+04
0.00,-15.27,0.00,399.97,396.20,3.77,43.93,-0.45,2,1.92e+04
0.00,-19.68,0.00,399.97,396.20,3.77,42.58,-0.45,2,1.92e+04
0.00,-19.08,0.00,399.97,396.20,3.77,42.37,-0.45,2,1.92e+04
0.00,-18.98,0.00,399.97,396.20,3.77,41.03,-0.45,2,1.92e+04
0.00,-18.38,0.00,399.97,396.20,3.77,45.09,-0.45,2,1.92e+04
0.00,-20.20,0.00,399.97,396.20,3.77,45.41,-0.45,2,1.91e+04
0.00,-20.34,0.00,399.97,396.20,3.77,42.17,-0.45,2,1.91e+04
0.00,-18.89,0.00,399.97,396.20,3.77,35.90,-0.45,2,1.91e+04
0.00,-16.08,0.00,399.97,396.20,3.77,42.50,-0.45,2,1.91e+04
0.00,-19.04,0.00,399.97,396.20,3.77,38.11,-0.45,2,1.91e+04
0.00,-17.07,0.00,399.97,396.20,3.77,35.48,-0.45,2,1.91e+04
0.00,-15.89,0.00,399.97,396.20,3.77,35.80,-0.45,2,1.90e+04
0.00,-16.04,0.00,399.97,396.20,3.77,44.74,-0.45,2,1.90e+04
0.00,-20.04,0.00,399.97,396.20,3.77,43.10,-0.45,2,1.90e+04
0.00,-19.31,0.00,399.97,396.20,3.77,43.14,-0.45,2,1.90e+04
0.00,-19.33,0.00,399.97,396.20,3.77,42.39,-0.45,2,1.90e+04
0.00,-18.99,0.00,399.97,396.20,3.77,43.90,-0.45,2,1.89e+04
0.00,-19.67,0.00,399.97,396.20,3.77,43.86,-0.45,2,1.89e+04
0.00,-19.65,0.00,399.97,396.20,3.77,43.62,-0.45,2,1.89e+04
0.00,-19.54,0.00,399.97,396.20,3.77,43.37,-0.45,2,1.89e+04
0.00,-19.43,0.00,399.97,396.20,3.77,45.57,-0.45,2,1.89e+04
0.00,-20.42,0.00,399.97,396.20,3.77,45.02,-0.45,2,1.88e+04
0.00,-20.17,0.00,399.97,396.20,3.77,45.36,-0.45,2,1.88e+04
0.00,-20.32,0.00,399.97,396.20,3.77,46.00,-0.45,2,1.88e+04
0.00,-20.61,0.00,399.97,396.20,3.77,49.17,-0.45,2,1.88e+04
0.00,-17.85,0.00,399.97,396.12,3.84,47.97,-0.36,2,1.88e+04
0.00,-17.42,0.00,399.97,396.12,3.84,45.75,-0.36,2,1.87e+04
0.00,-16.61,0.00,399.97,396.12,3.84,43.78,-0.36,2,1.87e+04
0.00,-15.90,0.00,399.97,396.12,3.84,44.89,-0.36,2,1.87e+04
83.81,-0.00,0.00,399.97,395.79,4.18,37.85,1.87,2,1.88e+04
70.66,-0.00,0.00,399.97,395.79,4.18,24.58,1.87,2,1.89e+04
45.89,-0.00,0.00,399.97,395.79,4.18,30.49,1.87,2,1.89e+04
56.92,-0.00,0.00,399.97,395.79,4.18,25.86,1.87,2,1.90e+04
118.85,-0.00,0.00,399.97,395.79,4.18,32.88,4.60,2,1.91e+04
151.12,-0.00,0.00,399.97,395.79,4.18,35.14,4.60,2,1.92e+04
161.50,-0.00,0.00,399.97,395.79,4.18,27.71,4.60,2,1.94e+04
127.36,-0.00,0.00,399.97,395.79,4.18,27.03,4.60,2,1.95e+04
140.73,-0.00,0.00,399.97,395.79,4.18,25.51,5.21,2,1.97e+04
132.82,-0.00,0.00,399.97,395.79,4.18,29.13,5.21,2,1.98e+04
151.66,-0.00,0.00,399.97,395.79,4.18,29.66,5.21,2,2.00e+04
154.42,-0.00,0.00,399.97,395.79,4.18,55.16,5.21,2,2.01e+04
287.52,-0.00,0.00,399.97,395.79,4.18,28.15,5.21,2,2.04e+04
146.73,-0.00,0.00,399.97,395.79,4.18,51.89,5.21,2,2.05e+04
270.48,-0.00,0.00,399.97,395.79,4.18,49.12,5.21,2,2.08e+04
256.04,-0.00,0.00,399.97,395.79,4.18,34.33,5.21,2,2.11e+04
178.63,-0.00,0.00,399.97,395.79,4.18,31.13,5.20,2,2.13e+04
161.98,-0.00,0.00,399.97,395.79,4.18,35.17,5.20,2,2.14e+04
183.00,-0.00,0.00,399.97,395.79,4.18,33.48,5.20,2,2.16e+04
174.21,-0.00,0.00,399.97,395.79,4.18,30.31,5.20,2,2.18e+04
159.28,-0.00,0.00,399.97,395.79,4.18,27.66,5.25,2,2.19e+04
145.35,-0.00,0.00,399.97,395.79,4.18,37.94,5.25,2,2.21e+04
199.37,-0.00,0.00,399.97,395.79,4.18,65.91,5.25,2,2.23e+04
375.88,0.00,0.00,399.55,395.79,3.77,35.90,11.41,1,2.26e+04
168.99,-0.00,0.00,399.94,395.37,4.57,34.92,4.71,2,2.28e+04
177.89,-0.00,0.00,399.97,395.37,4.60,41.23,5.09,2,2.30e+04
211.15,-0.00,0.00,399.97,395.37,4.60,42.32,5.12,2,2.32e+04
216.82,-0.00,0.00,399.97,395.37,4.60,30.94,5.12,2,2.34e+04
158.67,-0.00,0.00,399.97,395.37,4.60,36.06,5.13,2,2.36e+04
184.93,-0.00,0.00,399.97,395.37,4.60,41.25,5.13,2,2.38e+04
211.54,-0.00,0.00,399.97,395.37,4.60,41.73,5.13,2,2.40e+04
214.00,-0.00,0.00,399.97,395.37,4.60,22.42,5.13,2,2.42e+04
118.72,-0.00,0.00,399.97,395.37,4.60,29.12,5.30,2,2.43e+04
154.20,-0.00,0.00,399.97,395.37,4.60,29.27,5.30,2,2.45e+04
154.99,-0.00,0.00,399.97,395.37,4.60,43.15,5.30,2,2.46e+04
228.49,-0.00,0.00,399.97,395.37,4.60,37.33,5.30,2,2.48e+04
197.86,-0.00,0.00,399.97,395.37,4.60,40.84,5.30,2,2.50e+04
216.46,-0.00,0.00,399.97,395.37,4.60,45.85,5.30,2,2.53e+04
243.01,-0.00,0.00,399.97,395.37,4.60,56.43,5.30,2,2.55e+04
299.09,-0.00,0.00,399.97,395.37,4.60,46.16,5.30,2,2.58e+04
216.06,-0.00,0.00,399.97,395.37,4.60,52.47,4.68,2,2.60e+04
245.59,-0.00,0.00,399.97,395.37,4.60,87.29,4.68,2,2.63e+04
447.68,0.00,0.00,399.55,395.37,4.18,94.56,10.26,1,2.67e+04
484.96,0.00,0.00,399.14,395.37,3.77,78.06,10.26,1,2.72e+04
197.88,0.00,0.00,398.72,395.09,3.63,93.11,5.07,1,2.74e+04
236.03,0.00,0.00,398.30,395.09,3.21,164.54,5.07,1,2.76e+04
417.10,0.00,0.00,397.89,395.09,2.80,164.32,5.07,1,2.81e+04
416.54,0.00,0.00,397.48,395.09,2.38,155.42,5.07,1,2.85e+04
20.49,0.00,0.00,397.06,395.09,1.97,244.63,0.26,1,2.85e+04
32.26,5499.75,187.90,371.65,370.92,0.73,118.66,23.51,0,3.42e+04
15.65,0.00,0.00,371.26,370.54,0.72,128.47,0.26,1,3.42e+04
16.94,0.00,0.00,370.87,370.15,0.72,85.98,0.26,1,3.42e+04
0.00,0.00,0.00,370.49,369.77,0.72,88.65,0.00,1,3.42e+04
0.00,0.00,0.00,370.10,369.38,0.72,69.39,0.00,1,3.42e+04
0.00,0.00,0.00,369.72,368.99,0.72,58.43,0.00,1,3.42e+04
0.00,-1460.75,0.00,392.58,391.86,0.72,87.91,-25.00,2,3.28e+04
0.00,0.00,0.00,392.17,391.45,0.72,62.66,0.00,1,3.28e+04
0.00,0.00,0.00,391.76,391.04,0.72,59.57,0.00,1,3.28e+04
0.00,-514.96,0.00,399.39,398.67,0.72,50.44,-8.64,2,3.23e+04
0.00,-51.51,0.00,399.93,399.21,0.72,66.16,-1.02,2,3.22e+04
0.00,0.00,0.00,399.51,398.79,0.72,61.28,0.00,1,3.22e+04
0.00,-55.41,0.00,399.94,399.22,0.72,56.41,-0.90,2,3.22e+04
0.00,-27.07,0.00,399.97,399.24,0.72,52.44,-0.48,2,3.21e+04
0.00,-23.61,0.00,399.97,399.25,0.72,53.77,-0.45,2,3.21e+04
0.00,-24.10,0.00,399.97,399.25,0.72,55.11,-0.45,2,3.21e+04
0.00,-24.69,0.00,399.97,399.25,0.72,52.04,-0.45,2,3.21e+04
0.00,-23.31,0.00,399.97,399.25,0.72,42.20,-0.45,2,3.20e+04
0.00,-18.91,0.00,399.97,399.25,0.72,42.29,-0.45,2,3.20e+04
0.00,-18.95,0.00,399.97,399.25,0.72,41.34,-0.45,2,3.20e+04
0.00,-18.52,0.00,399.97,399.25,0.72,40.63,-0.45,2,3.20e+04
0.00,-18.20,0.00,399.97,399.25,0.72,41.07,-0.45,2,3.20e+04
0.00,-18.40,0.00,399.97,399.25,0.72,41.22,-0.45,2,3.19e+04
0.00,-18.47,0.00,399.97,399.25,0.72,38.27,-0.45,2,3.19e+04
0.00,-17.14,0.00,399.97,399.25,0.72,38.07,-0.45,2,3.19e+04
0.00,-17.06,0.00,399.97,399.25,0.72,36.43,-0.45,2,3.19e+04
0.00,-16.32,0.00,399.97,399.25,0.72,41.39,-0.45,2,3.19e+04
0.00,-18.54,0.00,399.97,399.25,0.72,41.07,-0.45,2,3.19e+04
0.00,-18.40,0.00,399.97,399.25,0.72,41.16,-0.45,2,3.18e+04
0.00,-18.44,0.00,399.97,399.25,0.72,36.91,-0.45,2,3.18e+04
0.00,-16.54,0.00,399.97,399.25,0.72,33.22,-0.45,2,3.18e+04
0.00,-14.88,0.00,399.97,399.25,0.72,33.24,-0.45,2,3.18e+04
0.00,-14.89,0.00,399.97,399.25,0.72,33.89,-0.45,2,3.18e+04
0.00,-15.18,0.00,399.97,399.25,0.72,34.63,-0.45,2,3.18e+04
0.00,-15.51,0.00,399.97,399.25,0.72,40.14,-0.45,2,3.17e+04
0.00,-17.98,0.00,399.97,399.25,0.72,40.60,-0.45,2,3.17e+04
0.00,-18.19,0.00,399.97,399.25,0.72,31.11,-0.45,2,3.17e+04
0.00,-13.94,0.00,399.97,399.25,0.72,42.19,-0.45,2,3.17e+04
0.00,-18.90,0.00,399.97,399.25,0.72,42.39,-0.45,2,3.17e+04
0.00,-18.99,0.00,399.97,399.25,0.72,41.98,-0.45,2,3.17e+04
0.00,-18.81,0.00,399.97,399.25,0.72,45.85,-0.45,2,3.16e+04
0.00,-20.54,0.00,399.97,399.25,0.72,48.31,-0.45,2,3.16e+04
0.00,-21.64,0.00,399.97,399.25,0.72,47.35,-0.45,2,3.16e+04
0.00,-17.25,0.00,399.97,399.17,0.80,54.54,-0.36,2,3.16e+04
0.00,-19.87,0.00,399.97,399.17,0.80,56.89,-0.36,2,3.16e+04
0.00,-20.72,0.00,399.97,399.17,0.80,61.32,-0.36,2,3.15e+04
0.00,-22.34,0.00,399.97,399.17,0.80,54.15,-0.36,2,3.15e+04
108.99,-0.00,0.00,399.97,398.83,1.14,53.18,2.01,2,3.16e+04
107.04,-0.00,0.00,399.97,398.83,1.14,46.80,2.01,2,3.17e+04
94.20,-0.00,0.00,399.97,398.83,1.14,41.70,2.01,2,3.18e+04
83.93,-0.00,0.00,399.97,398.83,1.14,43.96,2.01,2,3.19e+04
209.38,-0.00,0.00,399.97,398.83,1.14,41.51,4.76,2,3.21e+04
197.71,-0.00,0.00,399.97,398.83,1.14,38.72,4.76,2,3.23e+04
184.42,-0.00,0.00,399.97,398.83,1.14,34.81,4.76,2,3.25e+04
165.80,-0.00,0.00,399.97,398.83,1.14,41.58,4.76,2,3.27e+04
222.55,-0.00,0.00,399.97,398.83,1.14,40.92,5.35,2,3.29e+04
219.02,-0.00,0.00,399.97,398.83,1.14,35.24,5.35,2,3.31e+04
188.62,-0.00,0.00,399.97,398.83,1.14,38.11,5.35,2,3.33e+04
203.98,-0.00,0.00,399.97,398.83,1.14,41.10,5.35,2,3.35e+04
217.18,-0.00,0.00,399.97,398.83,1.14,41.44,5.28,2,3.37e+04
218.98,-0.00,0.00,399.97,398.83,1.14,41.89,5.28,2,3.39e+04
221.36,-0.00,0.00,399.97,398.83,1.14,44.60,5.28,2,3.42e+04
235.68,-0.00,0.00,399.97,398.83,1.14,41.50,5.28,2,3.44e+04
220.47,-0.00,0.00,399.97,398.83,1.14,42.50,5.31,2,3.46e+04
225.79,-0.00,0.00,399.97,398.83,1.14,44.50,5.31,2,3.48e+04
236.41,-0.00,0.00,399.97,398.83,1.14,48.43,5.31,2,3.51e+04
257.29,-0.00,0.00,399.97,398.83,1.14,41.55,5.31,2,3.53e+04
220.90,-0.00,0.00,399.97,398.83,1.14,42.10,5.32,2,3.56e+04
223.82,-0.00,0.00,399.97,398.83,1.14,45.60,5.32,2,3.58e+04
242.43,-0.00,0.00,399.97,398.83,1.14,52.34,5.32,2,3.60e+04
278.26,-0.00,0.00,399.97,398.83,1.14,44.85,5.32,2,3.63e+04
233.85,-0.00,0.00,399.97,398.83,1.14,47.03,5.21,2,3.65e+04
245.21,-0.00,0.00,399.97,398.83,1.14,64.22,5.21,2,3.68e+04
363.61,0.00,0.00,399.55,398.83,0.72,72.02,11.32,1,3.71e+04
407.77,0.00,0.00,399.14,398.41,0.72,48.42,11.32,1,3.75e+04
211.41,-0.00,0.00,399.91,398.00,1.91,52.50,4.37,2,3.78e+04
269.85,-0.00,0.00,399.96,398.00,1.97,63.77,5.14,2,3.80e+04
360.05,0.00,0.00,399.55,398.00,1.55,74.32,11.29,1,3.84e+04
419.62,0.00,0.00,399.13,398.00,1.13,48.81,11.29,1,3.88e+04
216.06,-0.00,0.00,399.91,397.99,1.92,58.96,4.43,2,3.90e+04
306.84,-0.00,0.00,399.96,397.99,1.97,80.24,5.20,2,3.93e+04
458.22,0.00,0.00,399.55,397.99,1.55,89.46,11.42,1,3.98e+04
510.88,0.00,0.00,399.13,397.99,1.14,45.80,11.42,1,4.03e+04
202.62,-0.00,0.00,399.91,397.99,1.92,48.00,4.42,2,4.05e+04
249.67,-0.00,0.00,399.96,397.99,1.97,63.61,5.20,2,4.08e+04
363.08,0.00,0.00,399.55,397.99,1.55,65.97,11.42,1,4.11e+04
376.55,0.00,0.00,399.13,397.99,1.14,43.70,11.42,1,4.15e+04
169.51,-0.00,0.00,399.91,397.99,1.92,44.70,3.88,2,4.17e+04
208.14,-0.00,0.00,399.96,397.99,1.97,48.61,4.66,2,4.19e+04
228.99,-0.00,0.00,399.97,397.99,1.97,59.24,4.71,2,4.21e+04
279.29,-0.00,0.00,399.97,397.99,1.97,48.50,4.71,2,4.24e+04
97.21,-0.00,0.00,399.97,397.99,1.97,91.85,2.00,2,4.25e+04
225.25,0.00,0.00,399.55,397.99,1.56,103.57,4.90,1,4.27e+04
253.99,0.00,0.00,399.14,397.99,1.14,318.00,4.90,1,4.30e+04
779.84,7392.29,1.21,373.72,373.00,0.72,74.68,28.15,0,5.11e+04
13.17,0.00,0.00,373.33,372.61,0.72,80.27,0.35,1,5.11e+04
14.16,0.00,0.00,372.94,372.22,0.72,132.28,0.35,1,5.12e+04
23.34,0.00,0.00,372.55,371.83,0.72,80.52,0.35,1,5.12e+04
14.20,0.00,0.00,372.17,371.44,0.72,56.16,0.35,1,5.12e+04
0.00,-1401.53,0.00,395.03,394.27,0.76,52.50,-24.96,2,4.98e+04
0.00,-280.34,0.00,399.62,398.82,0.80,54.15,-5.34,2,4.95e+04
0.00,-40.57,0.00,399.94,399.10,0.84,48.78,-0.75,2,4.95e+04
0.00,-20.89,0.00,399.97,399.08,0.89,76.07,-0.43,2,4.94e+04
3.56,0.00,0.00,399.55,398.68,0.87,76.10,0.09,1,4.95e+04
3.56,0.00,0.00,399.13,398.33,0.80,60.78,0.09,1,4.95e+04
0.00,-75.05,0.00,399.91,399.06,0.85,43.65,-1.23,2,4.94e+04
0.00,-20.05,0.00,399.96,399.07,0.89,55.50,-0.46,2,4.94e+04
0.00,-22.41,0.00,399.97,399.03,0.94,49.69,-0.40,2,4.93e+04
0.00,-19.87,0.00,399.97,399.03,0.94,43.59,-0.40,2,4.93e+04
0.00,-17.42,0.00,399.97,399.03,0.94,42.10,-0.40,2,4.93e+04
0.00,-16.83,0.00,399.97,399.03,0.94,42.10,-0.40,2,4.93e+04
0.00,-16.82,0.00,399.97,399.03,0.94,46.09,-0.40,2,4.93e+04
0.00,-18.41,0.00,399.97,399.03,0.94,38.34,-0.40,2,4.92e+04
0.00,-15.32,0.00,399.97,399.03,0.94,26.99,-0.40,2,4.92e+04
0.00,-10.78,0.00,399.97,399.03,0.94,48.45,-0.40,2,4.92e+04
0.00,-19.35,0.00,399.97,399.03,0.94,46.68,-0.40,2,4.92e+04
0.00,-18.65,0.00,399.97,399.03,0.94,45.19,-0.40,2,4.92e+04
0.00,-18.05,0.00,399.97,399.03,0.94,38.35,-0.40,2,4.92e+04
0.00,-15.32,0.00,399.97,399.03,0.94,51.12,-0.40,2,4.92e+04
0.00,-20.42,0.00,399.97,399.03,0.94,47.33,-0.40,2,4.91e+04
0.00,-18.91,0.00,399.97,399.03,0.94,46.97,-0.40,2,4.91e+04
0.00,-18.77,0.00,399.97,399.03,0.94,46.92,-0.40,2,4.91e+04
0.00,-18.75,0.00,399.97,399.03,0.94,47.11,-0.40,2,4.91e+04
0.00,-18.83,0.00,399.97,399.03,0.94,46.96,-0.40,2,4.91e+04
0.00,-18.77,0.00,399.97,399.03,0.94,46.94,-0.40,2,4.90e+04
0.00,-18.76,0.00,399.97,399.03,0.94,46.98,-0.40,2,4.90e+04
0.00,-18.77,0.00,399.97,399.03,0.94,49.84,-0.40,2,4.90e+04
0.00,-19.91,0.00,399.97,399.03,0.94,49.69,-0.40,2,4.90e+04
0.00,-19.85,0.00,399.97,399.03,0.94,49.06,-0.40,2,4.90e+04
0.00,-19.60,0.00,399.97,399.03,0.94,47.65,-0.40,2,4.89e+04
0.00,-19.04,0.00,399.97,399.03,0.94,46.98,-0.40,2,4.89e+04
0.00,-18.77,0.00,399.97,399.03,0.94,47.88,-0.40,2,4.89e+04
0.00,-19.13,0.00,399.97,399.03,0.94,47.81,-0.40,2,4.89e+04
0.00,-19.10,0.00,399.97,399.03,0.94,49.46,-0.40,2,4.89e+04
0.00,-19.76,0.00,399.97,399.03,0.94,48.97,-0.40,2,4.88e+04
0.00,-19.56,0.00,399.97,399.03,0.94,49.57,-0.40,2,4.88e+04
0.00,-19.80,0.00,399.97,399.03,0.94,53.13,-0.40,2,4.88e+04
0.00,-21.22,0.00,399.97,399.03,0.94,54.62,-0.40,2,4.88e+04
0.00,-21.81,0.00,399.97,399.03,0.94,47.21,-0.40,2,4.88e+04
0.00,-14.47,0.00,399.97,398.94,1.03,47.12,-0.31,2,4.87e+04
0.00,-14.44,0.00,399.97,398.94,1.03,46.69,-0.31,2,4.87e+04
0.00,-14.31,0.00,399.97,398.94,1.03,46.51,-0.31,2,4.87e+04
0.00,-14.26,0.00,399.97,398.94,1.03,48.64,-0.31,2,4.87e+04
100.72,-0.00,0.00,399.97,398.66,1.31,43.67,2.07,2,4.88e+04
90.42,-0.00,0.00,399.97,398.66,1.31,30.87,2.07,2,4.89e+04
63.92,-0.00,0.00,399.97,398.66,1.31,21.79,2.07,2,4.90e+04
45.12,-0.00,0.00,399.97,398.66,1.31,27.28,2.07,2,4.90e+04
134.32,-0.00,0.00,399.97,398.66,1.31,25.96,4.92,2,4.91e+04
127.82,-0.00,0.00,399.97,398.66,1.31,25.34,4.92,2,4.93e+04
124.77,-0.00,0.00,399.97,398.66,1.31,24.84,4.92,2,4.94e+04
122.31,-0.00,0.00,399.97,398.66,1.31,25.75,4.92,2,4.95e+04
141.90,-0.00,0.00,399.97,398.66,1.31,25.83,5.51,2,4.97e+04
142.34,-0.00,0.00,399.97,398.66,1.31,25.67,5.51,2,4.98e+04
141.46,-0.00,0.00,399.97,398.66,1.31,25.86,5.51,2,4.99e+04
142.51,-0.00,0.00,399.97,398.66,1.31,25.51,5.51,2,5.01e+04
141.75,-0.00,0.00,399.97,398.66,1.31,26.30,5.56,2,5.02e+04
146.14,-0.00,0.00,399.97,398.66,1.31,27.85,5.56,2,5.04e+04
154.75,-0.00,0.00,399.97,398.66,1.31,28.01,5.56,2,5.05e+04
155.64,-0.00,0.00,399.97,398.66,1.31,26.60,5.56,2,5.07e+04
147.03,-0.00,0.00,399.97,398.66,1.31,28.04,5.53,2,5.08e+04
154.99,-0.00,0.00,399.97,398.66,1.31,32.80,5.53,2,5.10e+04
181.31,-0.00,0.00,399.97,398.66,1.31,35.90,5.53,2,5.12e+04
198.44,-0.00,0.00,399.97,398.66,1.31,26.70,5.53,2,5.14e+04
147.75,-0.00,0.00,399.97,398.66,1.31,29.19,5.53,2,5.15e+04
161.53,-0.00,0.00,399.97,398.66,1.31,35.41,5.53,2,5.17e+04
195.94,-0.00,0.00,399.97,398.66,1.31,37.49,5.53,2,5.19e+04
207.45,-0.00,0.00,399.97,398.66,1.31,29.84,5.53,2,5.21e+04
164.54,-0.00,0.00,399.97,398.66,1.31,23.27,5.51,2,5.22e+04
128.31,-0.00,0.00,399.97,398.66,1.31,24.03,5.51,2,5.24e+04
132.50,-0.00,0.00,399.97,398.66,1.31,24.53,5.51,2,5.25e+04
135.26,-0.00,0.00,399.97,398.66,1.31,16.42,5.51,2,5.26e+04
92.20,-0.00,0.00,399.97,398.66,1.31,18.25,5.62,2,5.27e+04
102.48,-0.00,0.00,399.97,398.66,1.31,19.60,5.62,2,5.28e+04
110.06,-0.00,0.00,399.97,398.66,1.31,16.88,5.62,2,5.29e+04
94.79,-0.00,0.00,399.97,398.66,1.31,11.38,5.62,2,5.30e+04
63.67,-0.00,0.00,399.97,398.66,1.31,10.86,5.60,2,5.31e+04
60.76,-0.00,0.00,399.97,398.66,1.31,12.80,5.60,2,5.32e+04
71.62,-0.00,0.00,399.97,398.66,1.31,18.48,5.60,2,5.32e+04
103.40,-0.00,0.00,399.97,398.66,1.31,11.24,5.60,2,5.33e+04
61.82,-0.00,0.00,399.97,398.66,1.31,13.66,5.50,2,5.34e+04
75.13,-0.00,0.00,399.97,398.66,1.31,23.08,5.50,2,5.35e+04
126.93,-0.00,0.00,399.97,398.66,1.31,30.08,5.50,2,5.36e+04
165.43,-0.00,0.00,399.97,398.66,1.31,12.80,5.50,2,5.38e+04
61.09,-0.00,0.00,399.97,398.66,1.31,18.94,4.77,2,5.38e+04
90.40,-0.00,0.00,399.97,398.66,1.31,43.23,4.77,2,5.39e+04
206.33,-0.00,0.00,399.97,398.66,1.31,48.86,4.77,2,5.41e+04
233.20,-0.00,0.00,399.97,398.66,1.31,27.03,4.77,2,5.44e+04
52.22,-0.00,0.00,399.97,398.66,1.31,27.98,1.93,2,5.44e+04
54.06,-0.00,0.00,399.97,398.66,1.31,46.51,1.93,2,5.45e+04
89.85,-0.00,0.00,399.97,398.66,1.31,59.90,1.93,2,5.46e+04
115.72,-0.00,0.00,399.97,398.66,1.31,49.98,1.93,2,5.47e+04
0.00,-14.87,0.00,399.97,398.93,1.03,49.46,-0.30,2,5.47e+04
0.00,-14.71,0.00,399.97,398.93,1.03,50.91,-0.30,2,5.46e+04
0.00,-15.14,0.00,399.97,398.93,1.03,50.11,-0.30,2,5.46e+04
0.00,-14.90,0.00,399.97,398.93,1.03,51.11,-0.30,2,5.46e+04
0.00,-20.99,0.00,399.97,399.04,0.93,49.08,-0.41,2,5.46e+04
0.00,-20.15,0.00,399.97,399.04,0.93,46.22,-0.41,2,5.46e+04
0.00,-18.98,0.00,399.97,399.04,0.93,44.02,-0.41,2,5.45e+04
0.00,-18.08,0.00,399.97,399.04,0.93,53.91,-0.41,2,5.45e+04
0.00,-21.98,0.00,399.97,399.04,0.93,51.28,-0.41,2,5.45e+04
0.00,-20.91,0.00,399.97,399.04,0.93,47.97,-0.41,2,5.45e+04
0.00,-19.56,0.00,399.97,399.04,0.93,20.52,-0.41,2,5.45e+04
0.00,-8.37,0.00,399.97,399.04,0.93,38.80,-0.41,2,5.45e+04
0.00,-15.76,0.00,399.97,399.04,0.93,31.09,-0.41,2,5.44e+04
0.00,-12.63,0.00,399.97,399.04,0.93,31.67,-0.41,2,5.44e+04
0.00,-12.86,0.00,399.97,399.04,0.93,26.85,-0.41,2,5.44e+04
0.00,-10.90,0.00,399.97,399.04,0.93,38.04,-0.41,2,5.44e+04
0.00,-15.45,0.00,399.97,399.04,0.93,34.16,-0.41,2,5.44e+04
0.00,-13.87,0.00,399.97,399.04,0.93,29.04,-0.41,2,5.44e+04
0.00,-11.79,0.00,399.97,399.04,0.93,19.70,-0.41,2,5.44e+04
0.00,-8.00,0.00,399.97,399.04,0.93,39.69,-0.41,2,5.44e+04
0.00,-16.12,0.00,399.97,399.04,0.93,37.21,-0.41,2,5.43e+04
0.00,-15.11,0.00,399.97,399.04,0.93,34.93,-0.41,2,5.43e+04
0.00,-14.19,0.00,399.97,399.04,0.93,31.46,-0.41,2,5.43e+04
0.00,-12.78,0.00,399.97,399.04,0.93,41.10,-0.41,2,5.43e+04
